   300.000000      0.00000000e+0
   305.000000      0.00000000e+0
   310.000000      0.00000000e+0
   315.000000      0.00000000e+0
   320.000000      0.00000000e+0
   325.000000      0.00000000e+0
   330.000000      0.00000000e+0
   335.000000      0.00000000e+0
   340.000000      0.00000000e+0
   345.000000      0.00000000e+0
   350.000000      0.00000000e+0
   355.000000      0.00000000e+0
   360.000000      0.00000000e+0
   365.000000      1.00000001e-1
   370.000000      2.00000003e-1
   375.000000      3.00000012e-1
   380.000000      4.00000006e-1
   385.000000      5.19999981e-1
   390.000000      6.39999986e-1
   395.000000      7.59999990e-1
   400.000000      8.79999995e-1
   405.000000      9.04999971e-1
   410.000000      9.30000007e-1
   415.000000      9.54999983e-1
   420.000000      9.80000019e-1
   425.000000      9.64999974e-1
   430.000000      9.49999988e-1
   435.000000      9.35000002e-1
   440.000000      9.20000017e-1
   445.000000      8.77499998e-1
   450.000000      8.34999979e-1
   455.000000      7.92500019e-1
   460.000000      7.50000000e-1
   465.000000      6.62500024e-1
   470.000000      5.74999988e-1
   475.000000      4.87500012e-1
   480.000000      4.00000006e-1
   485.000000      3.24999988e-1
   490.000000      2.50000000e-1
   495.000000      1.74999997e-1
   500.000000      1.00000001e-1
   505.000000      7.99999982e-2
   510.000000      5.99999987e-2
   515.000000      3.99999991e-2
   520.000000      1.99999996e-2
   525.000000      1.49999997e-2
   530.000000      9.99999978e-3
   535.000000      4.99999989e-3
   540.000000      0.00000000e+0
   545.000000      0.00000000e+0
   550.000000      0.00000000e+0
   555.000000      0.00000000e+0
   560.000000      0.00000000e+0
   565.000000      0.00000000e+0
   570.000000      0.00000000e+0
   575.000000      0.00000000e+0
   580.000000      0.00000000e+0
   585.000000      0.00000000e+0
   590.000000      0.00000000e+0
   595.000000      0.00000000e+0
   600.000000      0.00000000e+0
   605.000000      0.00000000e+0
   610.000000      0.00000000e+0
   615.000000      0.00000000e+0
   620.000000      0.00000000e+0
   625.000000      0.00000000e+0
   630.000000      0.00000000e+0
   635.000000      0.00000000e+0
   640.000000      0.00000000e+0
   645.000000      0.00000000e+0
   650.000000      0.00000000e+0
   655.000000      0.00000000e+0
   660.000000      0.00000000e+0
   665.000000      0.00000000e+0
   670.000000      0.00000000e+0
   675.000000      0.00000000e+0
   680.000000      0.00000000e+0
   685.000000      0.00000000e+0
   690.000000      0.00000000e+0
   695.000000      0.00000000e+0
   700.000000      0.00000000e+0
   705.000000      0.00000000e+0
   710.000000      0.00000000e+0
   715.000000      0.00000000e+0
   720.000000      0.00000000e+0
   725.000000      0.00000000e+0
   730.000000      0.00000000e+0
   735.000000      0.00000000e+0
   740.000000      0.00000000e+0
   745.000000      0.00000000e+0
   750.000000      0.00000000e+0
   755.000000      0.00000000e+0
   760.000000      0.00000000e+0
   765.000000      0.00000000e+0
   770.000000      0.00000000e+0
   775.000000      0.00000000e+0
   780.000000      0.00000000e+0
   785.000000      0.00000000e+0
   790.000000      0.00000000e+0
   795.000000      0.00000000e+0
   800.000000      0.00000000e+0
   805.000000      0.00000000e+0
   810.000000      0.00000000e+0
   815.000000      0.00000000e+0
   820.000000      0.00000000e+0
   825.000000      0.00000000e+0
   830.000000      0.00000000e+0
   835.000000      0.00000000e+0
   840.000000      0.00000000e+0
   845.000000      0.00000000e+0
   850.000000      0.00000000e+0
   855.000000      0.00000000e+0
   860.000000      0.00000000e+0
   865.000000      0.00000000e+0
   870.000000      0.00000000e+0
   875.000000      0.00000000e+0
   880.000000      0.00000000e+0
   885.000000      0.00000000e+0
   890.000000      0.00000000e+0
   895.000000      0.00000000e+0
   900.000000      0.00000000e+0
   905.000000      0.00000000e+0
   910.000000      0.00000000e+0
   915.000000      0.00000000e+0
   920.000000      0.00000000e+0
   925.000000      0.00000000e+0
   930.000000      0.00000000e+0
   935.000000      0.00000000e+0
   940.000000      0.00000000e+0
   945.000000      0.00000000e+0
   950.000000      0.00000000e+0
   955.000000      0.00000000e+0
   960.000000      0.00000000e+0
   965.000000      0.00000000e+0
   970.000000      0.00000000e+0
   975.000000      0.00000000e+0
   980.000000      0.00000000e+0
   985.000000      0.00000000e+0
   990.000000      0.00000000e+0
   995.000000      0.00000000e+0
  1000.000000      0.00000000e+0
  1005.000000      0.00000000e+0
  1010.000000      0.00000000e+0
  1015.000000      0.00000000e+0
  1020.000000      0.00000000e+0
  1025.000000      0.00000000e+0
  1030.000000      0.00000000e+0
  1035.000000      0.00000000e+0
  1040.000000      0.00000000e+0
  1045.000000      0.00000000e+0
  1050.000000      0.00000000e+0
  1055.000000      0.00000000e+0
  1060.000000      0.00000000e+0
  1065.000000      0.00000000e+0
  1070.000000      0.00000000e+0
  1075.000000      0.00000000e+0
  1080.000000      0.00000000e+0
  1085.000000      0.00000000e+0
  1090.000000      0.00000000e+0
  1095.000000      0.00000000e+0
  1100.000000      0.00000000e+0