   300.000000      0.00000000e+0
   305.000000      0.00000000e+0
   310.000000      0.00000000e+0
   315.000000      0.00000000e+0
   320.000000      0.00000000e+0
   325.000000      0.00000000e+0
   330.000000      0.00000000e+0
   335.000000      0.00000000e+0
   340.000000      0.00000000e+0
   345.000000      0.00000000e+0
   350.000000      0.00000000e+0
   355.000000      0.00000000e+0
   360.000000      0.00000000e+0
   365.000000      0.00000000e+0
   370.000000      0.00000000e+0
   375.000000      0.00000000e+0
   380.000000      0.00000000e+0
   385.000000      0.00000000e+0
   390.000000      0.00000000e+0
   395.000000      0.00000000e+0
   400.000000      0.00000000e+0
   405.000000      0.00000000e+0
   410.000000      0.00000000e+0
   415.000000      0.00000000e+0
   420.000000      0.00000000e+0
   425.000000      0.00000000e+0
   430.000000      0.00000000e+0
   435.000000      0.00000000e+0
   440.000000      0.00000000e+0
   445.000000      0.00000000e+0
   450.000000      0.00000000e+0
   455.000000      0.00000000e+0
   460.000000      0.00000000e+0
   465.000000      0.00000000e+0
   470.000000      0.00000000e+0
   475.000000      0.00000000e+0
   480.000000      0.00000000e+0
   485.000000      0.00000000e+0
   490.000000      0.00000000e+0
   495.000000      0.00000000e+0
   500.000000      0.00000000e+0
   505.000000      0.00000000e+0
   510.000000      0.00000000e+0
   515.000000      0.00000000e+0
   520.000000      0.00000000e+0
   525.000000      1.25000002e-2
   530.000000      2.50000004e-2
   535.000000      3.75000015e-2
   540.000000      5.00000007e-2
   545.000000      7.50000030e-2
   550.000000      1.00000001e-1
   555.000000      1.25000000e-1
   560.000000      1.50000006e-1
   565.000000      3.00000012e-1
   570.000000      4.49999988e-1
   575.000000      6.00000024e-1
   580.000000      7.50000000e-1
   585.000000      8.02500010e-1
   590.000000      8.55000019e-1
   595.000000      9.07500029e-1
   600.000000      9.59999979e-1
   605.000000      9.44999993e-1
   610.000000      9.30000007e-1
   615.000000      9.15000021e-1
   620.000000      8.99999976e-1
   625.000000      8.87499988e-1
   630.000000      8.75000000e-1
   635.000000      8.62500012e-1
   640.000000      8.50000024e-1
   645.000000      8.32499981e-1
   650.000000      8.14999998e-1
   655.000000      7.97500014e-1
   660.000000      7.79999971e-1
   665.000000      7.54999995e-1
   670.000000      7.30000019e-1
   675.000000      7.04999983e-1
   680.000000      6.80000007e-1
   685.000000      6.47499979e-1
   690.000000      6.15000010e-1
   695.000000      5.82499981e-1
   700.000000      5.50000012e-1
   705.000000      5.12499988e-1
   710.000000      4.74999994e-1
   715.000000      4.37500000e-1
   720.000000      4.00000006e-1
   725.000000      3.75000000e-1
   730.000000      3.49999994e-1
   735.000000      3.24999988e-1
   740.000000      3.00000012e-1
   745.000000      2.87499994e-1
   750.000000      2.75000006e-1
   755.000000      2.62499988e-1
   760.000000      2.50000000e-1
   765.000000      2.37499997e-1
   770.000000      2.24999994e-1
   775.000000      2.12500006e-1
   780.000000      2.00000003e-1
   785.000000      1.87500000e-1
   790.000000      1.74999997e-1
   795.000000      1.62499994e-1
   800.000000      1.50000006e-1
   805.000000      1.35000005e-1
   810.000000      1.19999997e-1
   815.000000      1.04999997e-1
   820.000000      9.00000036e-2
   825.000000      7.99999982e-2
   830.000000      7.00000003e-2
   835.000000      5.99999987e-2
   840.000000      5.00000007e-2
   845.000000      4.25000004e-2
   850.000000      3.50000001e-2
   855.000000      2.74999999e-2
   860.000000      1.99999996e-2
   865.000000      1.49999997e-2
   870.000000      9.99999978e-3
   875.000000      4.99999989e-3
   880.000000      0.00000000e+0
   885.000000      0.00000000e+0
   890.000000      0.00000000e+0
   895.000000      0.00000000e+0
   900.000000      0.00000000e+0
   905.000000      0.00000000e+0
   910.000000      0.00000000e+0
   915.000000      0.00000000e+0
   920.000000      0.00000000e+0
   925.000000      0.00000000e+0
   930.000000      0.00000000e+0
   935.000000      0.00000000e+0
   940.000000      0.00000000e+0
   945.000000      0.00000000e+0
   950.000000      0.00000000e+0
   955.000000      0.00000000e+0
   960.000000      0.00000000e+0
   965.000000      0.00000000e+0
   970.000000      0.00000000e+0
   975.000000      0.00000000e+0
   980.000000      0.00000000e+0
   985.000000      0.00000000e+0
   990.000000      0.00000000e+0
   995.000000      0.00000000e+0
  1000.000000      0.00000000e+0
  1005.000000      0.00000000e+0
  1010.000000      0.00000000e+0
  1015.000000      0.00000000e+0
  1020.000000      0.00000000e+0
  1025.000000      0.00000000e+0
  1030.000000      0.00000000e+0
  1035.000000      0.00000000e+0
  1040.000000      0.00000000e+0
  1045.000000      0.00000000e+0
  1050.000000      0.00000000e+0
  1055.000000      0.00000000e+0
  1060.000000      0.00000000e+0
  1065.000000      0.00000000e+0
  1070.000000      0.00000000e+0
  1075.000000      0.00000000e+0
  1080.000000      0.00000000e+0
  1085.000000      0.00000000e+0
  1090.000000      0.00000000e+0
  1095.000000      0.00000000e+0
  1100.000000      0.00000000e+0