   300.000000      0.00000000e+0
   305.000000      0.00000000e+0
   310.000000      0.00000000e+0
   315.000000      0.00000000e+0
   320.000000      0.00000000e+0
   325.000000      0.00000000e+0
   330.000000      0.00000000e+0
   335.000000      0.00000000e+0
   340.000000      0.00000000e+0
   345.000000      0.00000000e+0
   350.000000      0.00000000e+0
   355.000000      0.00000000e+0
   360.000000      0.00000000e+0
   365.000000      0.00000000e+0
   370.000000      0.00000000e+0
   375.000000      0.00000000e+0
   380.000000      0.00000000e+0
   385.000000      0.00000000e+0
   390.000000      0.00000000e+0
   395.000000      0.00000000e+0
   400.000000      0.00000000e+0
   405.000000      0.00000000e+0
   410.000000      0.00000000e+0
   415.000000      0.00000000e+0
   420.000000      0.00000000e+0
   425.000000      0.00000000e+0
   430.000000      0.00000000e+0
   435.000000      0.00000000e+0
   440.000000      0.00000000e+0
   445.000000      0.00000000e+0
   450.000000      0.00000000e+0
   455.000000      0.00000000e+0
   460.000000      0.00000000e+0
   465.000000      1.25000002e-2
   470.000000      2.50000004e-2
   475.000000      3.75000015e-2
   480.000000      5.00000007e-2
   485.000000      2.37499997e-1
   490.000000      4.25000012e-1
   495.000000      6.12500012e-1
   500.000000      8.00000012e-1
   505.000000      8.37499976e-1
   510.000000      8.75000000e-1
   515.000000      9.12500024e-1
   520.000000      9.49999988e-1
   525.000000      9.37500000e-1
   530.000000      9.25000012e-1
   535.000000      9.12500024e-1
   540.000000      8.99999976e-1
   545.000000      8.57500017e-1
   550.000000      8.14999998e-1
   555.000000      7.72499979e-1
   560.000000      7.30000019e-1
   565.000000      6.72500014e-1
   570.000000      6.15000010e-1
   575.000000      5.57500005e-1
   580.000000      5.00000000e-1
   585.000000      4.44999993e-1
   590.000000      3.89999986e-1
   595.000000      3.35000008e-1
   600.000000      2.80000001e-1
   605.000000      2.39999995e-1
   610.000000      2.00000003e-1
   615.000000      1.59999996e-1
   620.000000      1.19999997e-1
   625.000000      1.04999997e-1
   630.000000      9.00000036e-2
   635.000000      7.50000030e-2
   640.000000      5.99999987e-2
   645.000000      4.50000018e-2
   650.000000      2.99999993e-2
   655.000000      1.49999997e-2
   660.000000      0.00000000e+0
   665.000000      0.00000000e+0
   670.000000      0.00000000e+0
   675.000000      0.00000000e+0
   680.000000      0.00000000e+0
   685.000000      0.00000000e+0
   690.000000      0.00000000e+0
   695.000000      0.00000000e+0
   700.000000      0.00000000e+0
   705.000000      0.00000000e+0
   710.000000      0.00000000e+0
   715.000000      0.00000000e+0
   720.000000      0.00000000e+0
   725.000000      0.00000000e+0
   730.000000      0.00000000e+0
   735.000000      0.00000000e+0
   740.000000      0.00000000e+0
   745.000000      0.00000000e+0
   750.000000      0.00000000e+0
   755.000000      0.00000000e+0
   760.000000      0.00000000e+0
   765.000000      0.00000000e+0
   770.000000      0.00000000e+0
   775.000000      0.00000000e+0
   780.000000      0.00000000e+0
   785.000000      0.00000000e+0
   790.000000      0.00000000e+0
   795.000000      0.00000000e+0
   800.000000      0.00000000e+0
   805.000000      0.00000000e+0
   810.000000      0.00000000e+0
   815.000000      0.00000000e+0
   820.000000      0.00000000e+0
   825.000000      0.00000000e+0
   830.000000      0.00000000e+0
   835.000000      0.00000000e+0
   840.000000      0.00000000e+0
   845.000000      0.00000000e+0
   850.000000      0.00000000e+0
   855.000000      0.00000000e+0
   860.000000      0.00000000e+0
   865.000000      0.00000000e+0
   870.000000      0.00000000e+0
   875.000000      0.00000000e+0
   880.000000      0.00000000e+0
   885.000000      0.00000000e+0
   890.000000      0.00000000e+0
   895.000000      0.00000000e+0
   900.000000      0.00000000e+0
   905.000000      0.00000000e+0
   910.000000      0.00000000e+0
   915.000000      0.00000000e+0
   920.000000      0.00000000e+0
   925.000000      0.00000000e+0
   930.000000      0.00000000e+0
   935.000000      0.00000000e+0
   940.000000      0.00000000e+0
   945.000000      0.00000000e+0
   950.000000      0.00000000e+0
   955.000000      0.00000000e+0
   960.000000      0.00000000e+0
   965.000000      0.00000000e+0
   970.000000      0.00000000e+0
   975.000000      0.00000000e+0
   980.000000      0.00000000e+0
   985.000000      0.00000000e+0
   990.000000      0.00000000e+0
   995.000000      0.00000000e+0
  1000.000000      0.00000000e+0
  1005.000000      0.00000000e+0
  1010.000000      0.00000000e+0
  1015.000000      0.00000000e+0
  1020.000000      0.00000000e+0
  1025.000000      0.00000000e+0
  1030.000000      0.00000000e+0
  1035.000000      0.00000000e+0
  1040.000000      0.00000000e+0
  1045.000000      0.00000000e+0
  1050.000000      0.00000000e+0
  1055.000000      0.00000000e+0
  1060.000000      0.00000000e+0
  1065.000000      0.00000000e+0
  1070.000000      0.00000000e+0
  1075.000000      0.00000000e+0
  1080.000000      0.00000000e+0
  1085.000000      0.00000000e+0
  1090.000000      0.00000000e+0
  1095.000000      0.00000000e+0
  1100.000000      0.00000000e+0